x
5.54189139906838
7.851579665623
7.09392234101593
6.22770338459504
5.35830569756149
2.47467951596993
-0.024906332433358
-0.73481320108428
0.401919159531893
1.9999632321164
2.81275383642909
3.64991442516553
1.88355986082194
1.07818451626469
1.56107021706179
1.91443410600157
2.33767422086965
0.91842149644829
-0.696998419167017
-1.80537882577027
-1.19578853949658
0.0181951984850983
0.252704113154226
-0.27689294609583
-1.12852437733217
-0.243415581290954
-0.375898237050878
-1.16791434532638
-0.643758405505225
1.15762311258998
1.20851846664266
-0.0396645558124538
-1.78479093665799
-2.72899914043973
-2.50147644012964
-0.385932372259292
1.72810172395378
1.97402632820591
2.23504053223406
1.78223520844361
0.787192311598835
0.635092140837117
2.31480490006948
3.64357953601286
3.43955688127418
0.79178658768706
-0.833739593582035
-0.43658234328911
-0.966231570068907
-1.23923265427645
-0.585524499442249
0.434509810795099
1.55009203043437
1.96550595157472
2.59491454393393
3.22845949176905
3.75566629566737
4.42695621320628
4.37353366988053
3.53649930870975
1.33473000732694
-0.90092126529116
-2.28525164659133
-3.89419593317194
-5.13180762208949
-5.14373110936556
-4.26855140272324
-2.83881884035531
0.961666569232985
3.37556745761635
2.75217863360172
1.55882302273625
0.323653151748508
-1.12094304632228
-1.82808012665495
-1.80253538954698
-1.62326788879852
-2.93722603234567
-2.68797801747002
0.483949497240286
1.42438783176445
1.20991610320677
1.35274343276498
1.8521879432032
1.23010655828602
1.33008884478956
0.0606438750387478
-1.73362736058011
-1.85639036387835
-0.724799533341217
0.742319006695654
1.07075984440088
-0.521750083426457
-1.14488262839154
-2.19932914636457
-1.66191214623908
0.827459294518914
2.55074961503669
2.58328824829973
1.21428064575574
0.615314571636681
1.21569184630493
1.91255467539255
0.825765461687397
1.19954587725547
0.633444648666406
0.501059360453784
2.02934405357922
2.51553119447872
0.26486695049507
0.190375346563909
1.88670012391641
1.77559615616762
1.64801560481379
3.00698507021502
3.65583903522764
2.71120680400618
-0.00642370559384209
-0.555508109943598
-0.32305067890924
0.249733435565712
1.69925163751222
2.28408040735109
2.88004890926573
1.88449713490758
0.846838998924046
1.52815911423958
1.96407129472196
2.46199678150633
0.820628215556629
-1.73368568004125
-1.99819517630419
-0.928951721430604
0.283884467638013
0.678892867144115
-0.452751887554155
-0.634286411021288
0.26377850507987
-0.521696377653135
-1.59435418170772
-0.322829769057047
-0.0779746613900856
-0.83995477843292
-0.122727093317569
-0.252775456359307
-2.32766530325878
-1.74530628340178
1.11810101093082
2.08843138175187
1.78501093837115
1.34637735841855
0.792825477568382
1.11236314598183
2.29334797210285
2.02239918556868
1.2583571534966
1.513109241867
1.7585958223183
-0.586513272501537
-4.5013492986806
-4.6388865204443
-1.29430430373268
-0.575472139233183
-0.490687688847655
0.409627517326136
1.33290801064154
2.8179991252577
3.06185383123195
1.39035479030444
2.27346541784811
5.40258512054127
6.63122356953763
4.82798599517209
2.87736945689193
1.1232146260165
0.996913899624898
1.74086400839904
-0.3263327046163
-2.5751845443211
-4.41109260453673
-3.15644493549318
-1.07516706694299
-1.51992792721234
-1.87014322970369
-0.906636269888614
-0.983666865011464
-1.27986582801519
-1.44783169660149
-0.664917268607213
2.2318383100264
4.19728743657493
3.49029754406834
2.53597885288765
2.96764877283281
1.54192821250431
-0.792899303685865
-0.981980536263568
-1.75506091150953
-0.954558872377272
0.465616880549999
